COSMOS 2526             
1 43432U 18037A   24345.90444865 -.00000328  00000+0  00000+0 0  9995
2 43432   0.0504  88.8400 0000532 222.2733 222.6819  1.00275524 24424
TDRS 11                 
1 39070U 13004A   24345.84441419  .00000094  00000+0  00000+0 0  9991
2 39070   2.8589  17.7117 0002025  22.4460 169.5740  1.00276471 43438
QZS-3 (MICHIBIKI-3)     
1 42917U 17048A   24345.82375939 -.00000332  00000+0  00000+0 0  9994
2 42917   0.0665 145.4745 0001383 105.5687 252.6029  1.00271557 26719
CMS-01                  
1 47256U 20099A   24345.89549994 -.00000149  00000+0  00000+0 0  9992
2 47256   0.0527 106.5781 0008885 160.0383 218.8782  1.00271170 14659
EXPRESS-AM7             
1 40505U 15012A   24345.81550758  .00000167  00000+0  00000+0 0  9992
2 40505   0.0161 297.8913 0003084 325.9748 149.7684  1.00272092 35455
EUTELSAT 3B             
1 39773U 14030A   24345.87960080  .00000036  00000+0  00000+0 0  9990
2 39773   0.0620 348.0066 0005235 237.6062 174.2390  1.00270649 38519
MUOS-1                  
1 38093U 12009A   24345.64478729 -.00000112  00000+0  00000+0 0  9993
2 38093   4.3728  46.0075 0050536 357.4404 168.5247  1.00269874 46894
TDRS 7                  
1 23613U 95035B   24346.03877212 -.00000197  00000+0  00000+0 0  9992
2 23613  13.6082 351.9968 0021155  71.2481 115.6651  1.00277313107608
JCSAT-17                
1 45245U 20013A   24345.97743444 -.00000307  00000+0  00000+0 0  9995
2 45245   5.5052 351.4953 0003589 273.8159 302.7730  1.00271716 17699
BSAT-4B                 
1 46112U 20056A   24345.82932160 -.00000334  00000+0  00000+0 0  9995
2 46112   0.0717 117.4301 0002014  70.8099 300.2162  1.00272242 15840
APSTAR-6E               
1 55239U 23005A   24345.59250615 -.00000302  00000+0  00000+0 0  9999
2 55239   0.0520 101.3587 0002143 340.1397 345.6492  1.00267815 22787
LUCAS (JDRS-1)          
1 47202U 20089A   24346.03382677 -.00000219  00000+0  00000+0 0  9990
2 47202   0.0413  83.7957 0003102 180.9980 278.4075  1.00271790 14853
SBIRS GEO-3 (USA 282)   
1 43162U 18009A   24346.13329814  .00000142  00000+0  00000+0 0  9999
2 43162   2.1922 343.3964 0002512 275.3234  70.2183  1.00271360 25291
ARSAT 1                 
1 40272U 14062B   24345.86474424 -.00000243  00000+0  00000+0 0  9993
2 40272   0.0241  35.5383 0002266 225.1171  58.9294  1.00270552 37061
ECHOSTAR 17             
1 38551U 12035A   24345.64331032 -.00000059  00000+0  00000+0 0  9996
2 38551   0.0200 347.8392 0002286 268.6694 307.8304  1.00270397 45510
ECHOSTAR 19             
1 41893U 16079A   24345.37410448 -.00000122  00000+0  00000+0 0  9991
2 41893   0.0207 357.3366 0001686 273.7621 206.0498  1.00269622 29185
ECHOSTAR 21             
1 42749U 17032A   24345.80959971  .00000080  00000+0  00000+0 0  9991
2 42749   2.2456 325.5835 0002492 278.7407 137.4087  1.00271126 27559
TIBA-1                  
1 44800U 19080A   24345.81455190  .00000172  00000+0  00000+0 0  9993
2 44800   0.0532 347.3230 0001926 264.0413 157.4207  1.00271863 18539
H2SAT (HEINRICH HERTZ)  
1 57213U 23093A   24346.09602638  .00000104  00000+0  00000+0 0  9991
2 57213   0.0366  89.5826 0001229 261.9872 136.5503  1.00269078  5328
WGS F6 (USA 244)        
1 39222U 13041A   24344.61642186  .00000106  00000+0  00000+0 0  9993
2 39222   0.0015   7.4225 0000600 197.8072 320.3561  1.00263585 41506
TIANLIAN 1-05           
1 49011U 21063A   24346.16822413  .00000124  00000+0  00000+0 0  9998
2 49011   0.1735  68.6091 0005286 188.9815 260.1441  1.00271370 12523
THOR 6                  
1 36033U 09058B   24345.73592500  .00000006  00000+0  00000+0 0  9990
2 36033   0.0130 261.8405 0001933   6.4468  75.7591  1.00270777 55455
MUOS-5                  
1 41622U 16041A   24346.07248175 -.00000105  00000+0  00000+0 0  9995
2 41622   3.4624 296.8362 0198098 257.8452 166.7388  1.00272663 31527
GSAT-18                 
1 41793U 16060A   24346.03660010 -.00000061  00000+0  00000+0 0  9998
2 41793   0.0448 115.0629 0003428 129.9217 282.4442  1.00270983 29977
INTELSAT 32E (IS-32E)   
1 41945U 17007B   24345.87047836 -.00000253  00000+0  00000+0 0  9998
2 41945   0.0178  10.6099 0000465 141.2745 198.4005  1.00268892 28671
BADR-7 (ARABSAT-6B)     
1 41029U 15065B   24345.81272741  .00000161  00000+0  00000+0 0  9999
2 41029   0.0373 234.2140 0006492  12.2775 152.1114  1.00270271 33216
GEO-KOMPSAT-2A          
1 43823U 18100A   24344.83204760 -.00000327  00000+0  00000+0 0  9998
2 43823   0.0527 130.2896 0000481 359.3617  17.2284  1.00270881 22108
SHIYAN 12 01 (SY-12 01) 
1 50321U 21129A   24345.82641392 -.00000343  00000+0  00000+0 0  9998
2 50321   2.2416  87.9713 0002840 240.7038 171.2549  1.00092273 10959
INMARSAT 3-F5           
1 25153U 98006B   24346.15414946 -.00000280  00000+0  00000+0 0  9991
2 25153   8.4468  58.5203 0005247 206.8322 176.5583  1.00270135 98340
INMARSAT 6-F1           
1 50319U 21128A   24346.19979958 -.00000155  00000+0  00000+0 0  9998
2 50319   0.0151 305.3629 0000090 261.3817  29.3514  1.00268724 10692
EXPRESS 80              
1 45986U 20053B   24345.55621534 -.00000120  00000+0  00000+0 0  9993
2 45986   0.0166 325.7601 0000298 193.2667 200.9918  1.00272236 16081
BEIDOU-3S IGSO-2S       
1 40938U 15053A   24345.75495184 -.00000161  00000+0  00000+0 0  9996
2 40938  50.0832 265.3399 0051810 188.6587 353.8786  1.00265093 33809
LAOSAT 1                
1 41034U 15067A   24346.00604889 -.00000326  00000+0  00000+0 0  9995
2 41034   0.0348 231.4975 0001916 330.0469   9.3685  1.00272883 33291
USA 342                 
1 55263U 23008A   24344.59747007  .00000155  00000+0  00000+0 0  9999
2 55263   0.0163  27.3849 0000597 293.7211 356.6422  1.00274680  6958
BEIDOU-2 IGSO-1         
1 36828U 10036A   24344.94424378 -.00000030  00000+0  00000+0 0  9997
2 36828  54.2605 167.9725 0043121 205.6874 152.7209  1.00279431 52539
EUTELSAT HOTBIRD 13C    
1 33459U 08065A   24345.87656000 -.00000084  00000+0  00000+0 0  9994
2 33459   1.5210  85.5854 0006762 178.2218 119.3375  1.00270452 41791
INMARSAT 3-F2           
1 24307U 96053A   24345.47827191 -.00000122  00000+0  00000+0 0  9990
2 24307   8.5939  59.3394 0005400 191.8004 350.6759  1.00002105103386
GALAXY 3C (G-3C)        
1 27445U 02030A   24346.07456689 -.00000137  00000+0  00000+0 0  9991
2 27445   2.3151  85.0220 0002785  72.4700 214.7884  1.00270107 82401
TDRS 6                  
1 22314U 93003B   24345.87004396 -.00000290  00000+0  00000+0 0  9992
2 22314  14.1689   1.1227 0008910 190.7124 155.6090  1.00275083116851
INTELSAT 21 (IS-21)     
1 38749U 12045A   24345.86752441 -.00000268  00000+0  00000+0 0  9993
2 38749   0.0172 294.9940 0002515 315.2427  84.1619  1.00269886 44970
HISPASAT 36W-1          
1 41942U 17006A   24346.08629575 -.00000228  00000+0  00000+0 0  9996
2 41942   0.0141 244.9633 0000849   0.4393 189.9705  1.00272077 28981
TKSAT-1 (TUPAC KATARI)  
1 39481U 13075A   24346.07613073 -.00000179  00000+0  00000+0 0  9993
2 39481   0.0101 176.2605 0003125  99.2204 105.0067  1.00272008 40309
JCSAT-16                
1 41729U 16050A   24343.64091597 -.00000235  00000+0  00000+0 0  9991
2 41729   0.0176 347.6002 0000964 109.1766 355.8014  1.00269841 30505
TELSTAR 19V             
1 43562U 18059A   24343.50801317 -.00000264  00000+0  00000+0 0  9995
2 43562   0.0364 177.2539 0002001  24.7178 355.6747  1.00276125 23579
ASTRA 1N                
1 37775U 11041A   24345.66841882  .00000136  00000+0  00000+0 0  9995
2 37775   0.0661  30.8990 0002221 292.3777  16.4128  1.00272332 38976
INMARSAT 3-F3           
1 24674U 96070A   24345.28372941  .00000038  00000+0  00000+0 0  9998
2 24674   9.1114  54.7258 0008560 200.1622 168.0657  0.99984044102377
STPSAT-6                
1 49817U 21118A   24346.07126543 -.00000030  00000+0  00000+0 0  9991
2 49817   0.0319  84.9976 0002161 202.1931  67.0743  1.00272712 11039
TELSTAR 18V             
1 43611U 18069A   24345.19176275 -.00000278  00000+0  00000+0 0  9991
2 43611   0.0181   1.0369 0002120 252.8397  32.5732  1.00270140 23076
ZHONGXING-11            
1 39157U 13020A   24346.11288122 -.00000274  00000+0  00000+0 0  9997
2 39157   0.0016   4.5539 0005414 291.8523 282.4731  1.00272181 42605
COMSATBW-2              
1 36582U 10021B   24345.73870517  .00000104  00000+0  00000+0 0  9997
2 36582   0.0639  91.7957 0001568 175.4364  91.8252  1.00272796 53405
BSAT-4A                 
1 42951U 17059B   24345.90079966 -.00000334  00000+0  00000+0 0  9996
2 42951   0.0697  66.4168 0001506 276.2399 171.5956  1.00271517 26406
SGDC                    
1 42692U 17023B   24345.98506390 -.00000233  00000+0  00000+0 0  9991
2 42692   0.0314  67.5108 0003192 206.4295  86.0398  1.00270818 27902
CMS-02 (GSAT 24)        
1 52903U 22067A   24345.89549994 -.00000149  00000+0  00000+0 0  9994
2 52903   0.0153 271.8035 0004957 349.2875 224.4122  1.00269446  9063
USA 148                 
1 26052U 00001A   24345.84337162  .00000046  00000+0  00000+0 0  9996
2 26052  10.9981  36.4894 0003834 237.3234 290.2237  1.00274713 26076
EXPRESS AMU-7           
1 50001U 21123A   24346.12209056 -.00000226  00000+0  00000+0 0  9998
2 50001   0.0175 287.7434 0000481 269.8708  71.6791  1.00272696 10981
IRNSS-1G                
1 41469U 16027A   24345.83323123 -.00000318  00000+0  00000+0 0  9994
2 41469   3.8498 112.7495 0001860 318.9129  77.8567  1.00264687 31632
NSS-10                  
1 28526U 05003A   24345.65712433 -.00000236  00000+0  00000+0 0  9990
2 28526   5.0610  77.1173 0003024 187.9768  13.8949  1.00270167 47603
TJS-9                   
1 50574U 21135A   24345.90627314 -.00000284  00000+0  00000+0 0  9996
2 50574   0.0219 260.1574 0002668 325.3137 318.0709  1.00267626 10881
USA 283                 
1 43339U 18036A   24344.55882583 -.00000301  00000+0  00000+0 0  9994
2 43339   0.0142 344.7437 0000357 334.5482  94.7656  1.00269492 19726
AMAZONAS 2              
1 35942U 09054A   24345.86700313 -.00000266  00000+0  00000+0 0  9990
2 35942   0.3787  92.2880 0004354 167.8770  71.2592  1.00271093 55639
ZHONGXING-12            
1 39017U 12067A   24346.11079608 -.00000190  00000+0  00000+0 0  9996
2 39017   0.0186  28.7921 0003598 234.1837 304.7260  1.00270087 44161
EXPRESS-AM44            
1 33595U 09007A   24345.87682062 -.00000073  00000+0  00000+0 0  9997
2 33595   2.0343  85.1988 0004843 176.1276 123.4234  1.00270658 46735
INSAT-3DR               
1 41752U 16054A   24345.39345958 -.00000061  00000+0  00000+0 0  9995
2 41752   0.0912  96.3644 0014155 173.0476  25.8588  1.00270573 30261
ARABSAT-6A              
1 44186U 19021A   24345.81359622  .00000170  00000+0  00000+0 0  9996
2 44186   0.0324 349.9993 0007706 280.5454 132.8951  1.00274876 20600
JCSAT-13                
1 38331U 12023A   24346.04659135 -.00000340  00000+0  00000+0 0  9994
2 38331   0.0169 325.6351 0002479 285.9088 329.4928  1.00271505 46023
JCSAT-18 (KACIFIC 1)    
1 44868U 19091A   24345.69439609 -.00000185  00000+0  00000+0 0  9997
2 44868   0.0115 292.8406 0000450 341.7041 205.3519  1.00269469 18460
EXPRESS AMU-3           
1 50002U 21123B   24345.49279192 -.00000304  00000+0  00000+0 0  9993
2 50002   0.0217 323.7492 0000307 196.0089 200.2431  1.00269268 10953
SKYNET 5B               
1 32294U 07056B   24345.81255365  .00000156  00000+0  00000+0 0  9991
2 32294   3.8383  80.0795 0003813 173.5558 143.9736  1.00270619 62642
ANIK F3                 
1 31102U 07009A   24345.71255413  .00000016  00000+0  00000+0 0  9994
2 31102   0.0205  62.5974 0001928 207.6762 307.4706  1.00269613 41010
USA 159 (DSP 21)        
1 26880U 01033A   24345.49493824 -.00000290  00000+0  00000+0 0  9992
2 26880  12.2605  20.1680 0001724 251.9543 296.5994  1.00267115 26063
IRNSS-1F                
1 41384U 16015A   24344.88495786  .00000176  00000+0  00000+0 0  9997
2 41384   3.9797 111.7536 0025857 181.3625 137.2094  1.00278731 32105
FM-5                    
1 35493U 09034A   24345.86196406 -.00000184  00000+0  00000+0 0  9990
2 35493   0.0154 297.4298 0001350 229.4016 137.4224  1.00270243 41096
BEIDOU-3S IGSO-1S       
1 40549U 15019A   24344.84979984 -.00000194  00000+0  00000+0 0  9996
2 40549  50.2476 302.1098 0034973 198.7764 340.3188  1.00264697 35504
ECHOSTAR 15             
1 36792U 10034A   24345.79535132 -.00000265  00000+0  00000+0 0  9990
2 36792   0.0323  77.3769 0002422 150.8253  76.4830  1.00268816 52771
APSTAR-9                
1 40982U 15059A   24345.90722883 -.00000250  00000+0  00000+0 0  9996
2 40982   0.0411  62.7966 0002718 176.5834 309.3676  1.00271464 33576
JCSAT-5A                
1 29045U 06010A   24345.97673941 -.00000312  00000+0  00000+0 0  9996
2 29045   0.0217 342.5727 0002149 293.3270 287.9479  1.00270263 68397
INMARSAT 5-F3           
1 40882U 15042A   24343.48047161  .00000066  00000+0  00000+0 0  9991
2 40882   0.0269  66.9428 0000594  89.7063 273.6559  1.00270859 33989
EUTELSAT 172B           
1 42741U 17029B   24346.12756403  .00000010  00000+0  00000+0 0  9993
2 42741   0.0135 278.3144 0000139 270.3317 109.6137  1.00270438 28163
BEIDOU-3 G2             
1 45344U 20017A   24346.10931911 -.00000127  00000+0  00000+0 0  9993
2 45344   2.5624  35.6934 0004539 223.8862 300.1360  1.00270947 17723
EXPRESS 103             
1 45985U 20053A   24346.11262057 -.00000264  00000+0  00000+0 0  9995
2 45985   0.0181 286.3891 0000398 222.0270  68.9495  1.00271650 16094
SYRACUSE 4A             
1 49333U 21095B   24343.52964642  .00000151  00000+0  00000+0 0  9998
2 49333   0.0171 356.1359 0001619 255.5358  62.2864  1.00271521 12386
INTELSAT 35E (IS-35E)   
1 42818U 17041A   24346.08655639 -.00000222  00000+0  00000+0 0  9992
2 42818   0.0224 347.9711 0002667 285.2393 163.7514  1.00269644 27264
FENGYUN 4B              
1 48808U 21047A   24346.11401066 -.00000312  00000+0  00000+0 0  9995
2 48808   0.0304 313.9299 0009536 107.8780 164.0552  1.00267141 13017
